ACC	12590	13942	907	1432	613	901	3588	10290	9373	73258	4587	39356
BLCA	12692	13942	967	1432	667	901	4020	10290	10939	73258	6251	39356
BRCA	13286	13942	1144	1432	747	901	5609	10290	18597	73258	9580	39356
CESC	11842	13942	771	1432	524	901	3227	10290	6771	73258	3531	39356
CHOL	12439	13942	918	1432	644	901	3699	10290	8636	73258	4904	39356
COAD	12751	13942	1003	1432	688	901	4514	10290	13021	73258	7319	39356
ESCA	13022	13942	1071	1432	717	901	5143	10290	15276	73258	8214	39356
GBM	12575	13942	896	1432	643	901	3421	10290	7567	73258	3867	39356
HNSC	12931	13942	1016	1432	712	901	4374	10290	11651	73258	6496	39356
KIRC	12758	13942	952	1432	655	901	4235	10290	11653	73258	5556	39356
KIRP	13203	13942	1057	1432	736	901	5137	10290	17539	73258	8659	39356
LGG	12408	13942	831	1432	613	901	3067	10290	7232	73258	3475	39356
LIHC	12581	13942	956	1432	675	901	4471	10290	13471	73258	7169	39356
LUAD	12950	13942	1062	1432	704	901	5143	10290	16063	73258	8452	39356
LUSC	12970	13942	1052	1432	708	901	4986	10290	14300	73258	7390	39356
MESO	12358	13942	863	1432	607	901	3509	10290	8706	73258	4513	39356
PCPG	12726	13942	967	1432	614	901	3463	10290	9234	73258	4059	39356
PRAD	12815	13942	967	1432	654	901	3806	10290	9812	73258	5061	39356
SKCM	12388	13942	898	1432	634	901	3891	10290	11217	73258	5639	39356
STAD	12787	13942	1007	1432	687	901	4866	10290	14043	73258	7511	39356
TGCT	13030	13942	1062	1432	731	901	4055	10290	8795	73258	5065	39356
THCA	12350	13942	851	1432	593	901	3559	10290	9998	73258	4810	39356
UCEC	12770	13942	971	1432	669	901	4158	10290	11608	73258	6201	39356
