ACC	12706	14066	870	1361	595	883	4220	10442	14125	69270	6786	38298
BLCA	12706	14066	913	1361	627	883	4453	10442	13945	69270	7932	38298
BRCA	13409	14066	1089	1361	728	883	6561	10442	28589	69270	15167	38298
CESC	11817	14066	720	1361	484	883	3480	10442	9326	69270	5086	38298
CHOL	12417	14066	842	1361	612	883	4046	10442	11060	69270	6188	38298
COAD	12719	14066	932	1361	661	883	4738	10442	15382	69270	8714	38298
ESCA	13022	14066	991	1361	677	883	5528	10442	20230	69270	11291	38298
GBM	12690	14066	859	1361	612	883	4028	10442	11963	69270	5789	38298
HNSC	12925	14066	948	1361	679	883	4932	10442	17306	69270	9573	38298
KIRC	12746	14066	889	1361	626	883	4736	10442	15232	69270	7388	38298
KIRP	13248	14066	996	1361	688	883	5719	10442	22160	69270	11094	38298
LGG	12603	14066	836	1361	580	883	3619	10442	11231	69270	5177	38298
LIHC	12531	14066	866	1361	636	883	4452	10442	14621	69270	7893	38298
LUAD	12941	14066	984	1361	667	883	5548	10442	21227	69270	11333	38298
LUSC	12956	14066	960	1361	664	883	5086	10442	17679	69270	9562	38298
MESO	12429	14066	820	1361	584	883	4405	10442	15169	69270	7675	38298
PCPG	12820	14066	905	1361	580	883	3694	10442	11006	69270	4684	38298
PRAD	12931	14066	942	1361	621	883	4184	10442	12452	69270	6472	38298
SKCM	12481	14066	859	1361	619	883	4591	10442	17073	69270	8484	38298
STAD	12751	14066	939	1361	643	883	4997	10442	16190	69270	8928	38298
TGCT	13047	14066	957	1361	681	883	3658	10442	8419	69270	5207	38298
THCA	12327	14066	782	1361	560	883	4046	10442	12933	69270	6348	38298
UCEC	12808	14066	930	1361	640	883	4652	10442	15258	69270	7977	38298
